1st cluster center[  2.15967408e+00   3.55816152e+00   5.56626452e+00   3.96308634e+00
   4.13666156e+01   1.25997119e+00   1.52572252e+01   2.87791483e-01
   1.09435491e-01   1.58503646e-01   7.11599217e+02   4.39081430e+02
   4.13538057e+02   7.23102548e+00   1.78130908e-01   7.42774827e-03
   7.47501576e-01   2.43089943e-02   1.75114792e-02   5.75177816e-01
   4.24777168e-01   4.50166562e-05   1.80066625e-04   2.52093275e-03
   1.83667957e-02   4.84829387e-02   1.10695958e-01   1.86639056e-01
   2.18510849e-01   2.38093094e-01   1.51931215e-01   2.45790943e-02
   1.17493473e-02   6.39236518e-03   9.56919060e-01   2.49392275e-02
   3.92545242e-02   6.94607005e-02   8.40055821e-01   5.12289547e-02
   6.07724858e-03   7.77482669e-01   2.05185919e-01   1.12541640e-02
   3.15116593e-04   9.88790853e-01   1.01287476e-02   7.65283155e-04
   9.00333123e-05   9.93607635e-01   6.25731521e-03   4.50166562e-05
   0.00000000e+00   9.99189700e-01   7.65283155e-04   4.50166562e-05
   1.62059962e-03   9.53362744e-01   4.25857567e-02   2.43089943e-03
   1.00000000e+00   0.00000000e+00   4.77176555e-03   8.81876294e-01
   1.07184658e-01   6.16728189e-03   4.27658234e-03   8.97677141e-01
   9.08436121e-02   7.20266499e-03   9.99729900e-01   2.70099937e-04
   8.10299811e-04   9.21761052e-01   7.54929324e-02   1.93571621e-03
   8.10299811e-04   9.34140632e-01   6.29783020e-02   2.07076618e-03
   9.97569101e-01   2.34086612e-03   9.00333123e-05   4.50166562e-05
   9.99639867e-01   2.70099937e-04   4.50166562e-05   9.99954983e-01
   4.50166562e-05   9.99594850e-01   4.05149905e-04   1.00000000e+00
   1.00000000e+00   9.07535788e-02   5.31871793e-01   2.94814081e-01
   8.25605474e-02   9.00333123e-05   9.90996669e-01   8.82326461e-03
   9.00333123e-05   9.99909967e-01   9.00333123e-05   1.00000000e+00
   1.00000000e+00   0.00000000e+00   9.99954983e-01   4.50166562e-05
   4.14693437e-01   5.85306563e-01   2.68254254e-01]
2nd cluster center[  2.05532500e+00   3.43000270e+00   5.76740417e+00   4.52179358e+00
   4.46587678e+01   1.56275324e+00   1.62446038e+01   2.74807848e-01
   1.01736120e-01   1.78081183e-01   3.73368961e+02   4.35789900e+02
   4.15582106e+02   7.40176313e+00   1.81862829e-01   6.77749675e-03
   7.46777006e-01   1.97676988e-02   1.60597206e-02   5.10890651e-01
   4.89084792e-01   2.45561476e-05   1.22780738e-03   5.32868404e-03
   1.18360632e-02   3.04496231e-02   8.87459175e-02   1.71254574e-01
   2.30041991e-01   2.66630651e-01   1.66834467e-01   2.76502222e-02
   1.42916779e-02   1.23026300e-02   9.50151020e-01   2.32546718e-02
   4.46921887e-02   9.99926332e-02   7.98983375e-01   5.63318027e-02
   6.06536846e-03   7.94366820e-01   1.87387963e-01   1.21798492e-02
   4.66566805e-04   9.85511873e-01   1.28428652e-02   1.17869509e-03
   1.22780738e-04   9.92633156e-01   6.97394593e-03   2.70117624e-04
   2.45561476e-05   9.98845861e-01   1.05591435e-03   7.36684429e-05
   2.18549714e-03   9.42587727e-01   5.12977924e-02   3.92898362e-03
   9.99975444e-01   2.45561476e-05   5.79525084e-03   8.64818407e-01
   1.19760332e-01   9.62600987e-03   7.02305822e-03   8.83947646e-01
   9.90349434e-02   9.99435209e-03   9.99778995e-01   2.21005329e-04
   1.27691968e-03   9.26994573e-01   6.89536625e-02   2.77484468e-03
   1.20325123e-03   9.32470594e-01   6.45826683e-02   1.74348648e-03
   9.97004150e-01   2.79940083e-03   1.96449181e-04   0.00000000e+00
   9.99729882e-01   2.70117624e-04   0.00000000e+00   9.99975444e-01
   2.45561476e-05   9.99607102e-01   3.92898362e-04   1.00000000e+00
   1.00000000e+00   1.13031948e-01   4.63202613e-01   3.18738796e-01
   1.05026643e-01   4.91122953e-05   9.93934632e-01   5.91803158e-03
   9.82245905e-05   9.99926332e-01   7.36684429e-05   1.00000000e+00
   9.99950888e-01   4.91122953e-05   1.00000000e+00   0.00000000e+00
   4.71404366e-01   5.28595634e-01   2.23657393e-01]
Total Cost: 4883301629.48
