1st cluster center[  2.30228584e+00   3.33513062e+00   5.34037060e+00   3.32275213e+00
   2.47036376e+01   1.41342649e+00   1.36463396e+01   2.83110571e-01
   9.66357837e-02   1.18355103e-01   7.03937576e+00   1.72273694e-01
   7.97387606e-03   7.53683171e-01   2.18332321e-02   1.73147023e-02
   5.31819563e-01   4.68142467e-01   3.79708384e-05   8.73329283e-04
   3.87302552e-03   1.47326853e-02   3.83885176e-02   9.99012758e-02
   1.83171324e-01   2.34090219e-01   2.52202309e-01   1.49756987e-01
   2.30103281e-02   2.30103281e-02   1.49984812e-02   9.17679222e-01
   4.43119684e-02   2.06181652e-02   3.58824423e-02   9.20413123e-01
   2.30862697e-02   5.31591738e-03   7.78174362e-01   2.06751215e-01
   9.75850547e-03   2.65795869e-04   9.87811361e-01   1.14671932e-02
   4.55650061e-04   3.79708384e-05   9.92823512e-01   6.98663426e-03
   1.51883354e-04   3.79708384e-05   9.99050729e-01   9.11300122e-04
   0.00000000e+00   1.02521264e-03   9.47296476e-01   4.98936817e-02
   1.78462940e-03   1.00000000e+00   0.00000000e+00   3.79708384e-03
   8.77088396e-01   1.13722661e-01   5.39185905e-03   3.98693803e-03
   8.92390644e-01   9.68256379e-02   6.79678007e-03   9.99734204e-01
   2.65795869e-04   4.93620899e-04   9.24020352e-01   7.41950182e-02
   1.29100851e-03   6.83475091e-04   9.32905529e-01   6.52718712e-02
   1.13912515e-03   9.97380012e-01   2.54404617e-03   7.59416768e-05
   0.00000000e+00   9.99772175e-01   2.27825030e-04   0.00000000e+00
   1.00000000e+00   0.00000000e+00   9.99620292e-01   3.79708384e-04
   1.00000000e+00   1.00000000e+00   8.46369988e-02   5.46058627e-01
   2.95754860e-01   7.35495140e-02   7.59416768e-05   9.91912211e-01
   7.82199271e-03   1.89854192e-04   9.99924058e-01   7.59416768e-05
   1.00000000e+00   1.00000000e+00   0.00000000e+00   9.99962029e-01
   3.79708384e-05   4.07692892e-01   5.92307108e-01   2.66593256e-01
   7.33406744e-01   2.99931652e-01   6.44365128e-02   8.70671324e-02
   4.69699271e-02   6.15886999e-02   9.39398542e-02   1.57844775e-01
   5.82472661e-02   1.29974180e-01   3.28751519e-01   1.54123633e-01
   4.00972053e-02   6.87651883e-02   2.68074119e-02   2.43772783e-02
   1.78576853e-01   8.57381531e-02   9.27627582e-02   3.29928615e-01
   2.15750304e-01   3.98693803e-02   4.95139733e-02   2.00486027e-02
   2.43013366e-02   1.74476002e-01   8.34219320e-02   6.26898542e-02]
2nd cluster center[  1.94095790e+00   3.57604983e+00   5.95259692e+00   5.04546324e+00
   5.70192618e+01   1.48643480e+00   1.75149040e+01   2.76713751e-01
   1.10078960e-01   2.09174613e-01   7.55889183e+00   1.86497637e-01
   6.31130297e-03   7.42247480e-01   2.10376766e-02   1.60378132e-02
   5.34848775e-01   4.65123904e-01   2.73216579e-05   8.46971394e-04
   4.67200350e-03   1.37154723e-02   3.56820852e-02   9.40411464e-02
   1.72017158e-01   2.20130598e-01   2.59692358e-01   1.70077320e-01
   2.91248873e-02   6.47523292e-03   6.77577115e-03   9.77623562e-01
   9.12543373e-03   5.87142428e-02   1.27592142e-01   7.36537253e-01
   7.71563618e-02   6.61184121e-03   7.95770607e-01   1.84257261e-01
   1.33602907e-02   5.19111500e-04   9.85847381e-01   1.21854594e-02
   1.44804787e-03   1.63929947e-04   9.93087621e-01   6.52987623e-03
   2.18573263e-04   0.00000000e+00   9.98907134e-01   9.83579684e-04
   1.09286632e-04   2.67752247e-03   9.45739187e-01   4.70205732e-02
   4.56271687e-03   9.99972678e-01   2.73216579e-05   6.61184121e-03
   8.66342450e-01   1.16472228e-01   1.05734816e-02   7.54077757e-03
   8.86205295e-01   9.56531242e-02   1.06008033e-02   9.99781427e-01
   2.18573263e-04   1.55733450e-03   9.25958307e-01   6.91511161e-02
   3.33324226e-03   1.33876124e-03   9.33171225e-01   6.31130297e-02
   2.37698424e-03   9.97076583e-01   2.70484413e-03   2.18573263e-04
   2.73216579e-05   9.99644818e-01   3.00538237e-04   2.73216579e-05
   9.99945357e-01   5.46433158e-05   9.99590175e-01   4.09824868e-04
   1.00000000e+00   1.00000000e+00   1.19942078e-01   4.45261058e-01
   3.20756263e-01   1.14040600e-01   5.46433158e-05   9.93606732e-01
   6.31130297e-03   2.73216579e-05   9.99918035e-01   8.19649736e-05
   1.00000000e+00   9.99945357e-01   5.46433158e-05   1.00000000e+00
   0.00000000e+00   4.82828338e-01   5.17171662e-01   2.19830059e-01
   7.80169941e-01   3.33488156e-01   8.22655119e-02   1.02073714e-01
   5.57635037e-02   5.13100735e-02   3.42067157e-02   1.42864949e-01
   4.86052294e-02   1.49422147e-01   3.28925439e-01   1.20789049e-01
   4.51080572e-02   8.90412830e-02   2.22125079e-02   1.42345838e-02
   1.92563045e-01   7.27302533e-02   1.14395782e-01   3.11330292e-01
   1.70022677e-01   4.34141144e-02   7.27029316e-02   2.25403677e-02
   1.80596159e-02   1.99666676e-01   8.30851616e-02   7.91781645e-02]
Total Cost: 17711194.195
